63316175882961184053836410519842045544762607055232
57128713431118522761832570143899932087843479526162
00869358263332545178742835360040403750152651919823
24604347832116239650108853028437679349100020382198
68335505649113720852349029739877990763749224799720
12969144196984525069105364367571072157150558920322
63316175882961184053836410519842045544762607055232
90416793608452058739788918009556823392880319797611
68237052482230793901038278062929681393730996893008
43648278436578722103988021935395636519926836175927
33505162846714001126195688801641535649152009072650
20723697207032069824672163057253384378989663920302
32804727499187122611600057917068274732366398726655
68335505649113720852349029739877990763749224799720
27577933828306371764974657984729627351914462606646
38787771191570300860532762133950354729476069347400
90406592755071850933581221239382609169145240138203
52271190940120378027545349129013360258293349970193
95243853445117402260258063022257285693925049631885
42991720635776472824747662172664656789426425098182
24604347832116239650108853028437679349100020382198
86424731432279051063538524083863891715236080445921
